// AUTO-GENERATED by verif/spike/gen_stream.py --seed 1 --num-instr 40
// Reference model: Spike. Columns: pc instr rd wdata regwrite store_valid store_addr store_data
00000000 00000113  2 00000000 1 0 00000000 00000000
00000004 00000193  3 00000000 1 0 00000000 00000000
00000008 00000213  4 00000000 1 0 00000000 00000000
0000000c 00000293  5 00000000 1 0 00000000 00000000
00000010 00000313  6 00000000 1 0 00000000 00000000
00000014 00000393  7 00000000 1 0 00000000 00000000
00000018 00000413  8 00000000 1 0 00000000 00000000
0000001c 00000493  9 00000000 1 0 00000000 00000000
00000020 00000513 10 00000000 1 0 00000000 00000000
00000024 00000593 11 00000000 1 0 00000000 00000000
00000028 00000613 12 00000000 1 0 00000000 00000000
0000002c 00000693 13 00000000 1 0 00000000 00000000
00000030 00000713 14 00000000 1 0 00000000 00000000
00000034 00000793 15 00000000 1 0 00000000 00000000
00000038 00000813 16 00000000 1 0 00000000 00000000
0000003c 00000893 17 00000000 1 0 00000000 00000000
00000040 00000913 18 00000000 1 0 00000000 00000000
00000044 00000993 19 00000000 1 0 00000000 00000000
00000048 00000a13 20 00000000 1 0 00000000 00000000
0000004c 00000a93 21 00000000 1 0 00000000 00000000
00000050 00000b13 22 00000000 1 0 00000000 00000000
00000054 00000b93 23 00000000 1 0 00000000 00000000
00000058 00000c13 24 00000000 1 0 00000000 00000000
0000005c 00000c93 25 00000000 1 0 00000000 00000000
00000060 00000d13 26 00000000 1 0 00000000 00000000
00000064 00000d93 27 00000000 1 0 00000000 00000000
00000068 00000e13 28 00000000 1 0 00000000 00000000
0000006c 00000e93 29 00000000 1 0 00000000 00000000
00000070 00000f13 30 00000000 1 0 00000000 00000000
00000074 40000093  1 00000400 1 0 00000000 00000000
00000078 0000a023  0 00000000 0 1 00000400 00000000
0000007c 0000a223  0 00000000 0 1 00000404 00000000
00000080 0000a423  0 00000000 0 1 00000408 00000000
00000084 0000a623  0 00000000 0 1 0000040c 00000000
00000088 0000a823  0 00000000 0 1 00000410 00000000
0000008c 0000aa23  0 00000000 0 1 00000414 00000000
00000090 0000ac23  0 00000000 0 1 00000418 00000000
00000094 0000ae23  0 00000000 0 1 0000041c 00000000
00000098 0200a023  0 00000000 0 1 00000420 00000000
0000009c 0200a223  0 00000000 0 1 00000424 00000000
000000a0 0200a423  0 00000000 0 1 00000428 00000000
000000a4 0200a623  0 00000000 0 1 0000042c 00000000
000000a8 0200a823  0 00000000 0 1 00000430 00000000
000000ac 0200aa23  0 00000000 0 1 00000434 00000000
000000b0 0200ac23  0 00000000 0 1 00000438 00000000
000000b4 0200ae23  0 00000000 0 1 0000043c 00000000
000000b8 0400a023  0 00000000 0 1 00000440 00000000
000000bc 0400a223  0 00000000 0 1 00000444 00000000
000000c0 0400a423  0 00000000 0 1 00000448 00000000
000000c4 0400a623  0 00000000 0 1 0000044c 00000000
000000c8 0400a823  0 00000000 0 1 00000450 00000000
000000cc 0400aa23  0 00000000 0 1 00000454 00000000
000000d0 0400ac23  0 00000000 0 1 00000458 00000000
000000d4 0400ae23  0 00000000 0 1 0000045c 00000000
000000d8 0600a023  0 00000000 0 1 00000460 00000000
000000dc 0600a223  0 00000000 0 1 00000464 00000000
000000e0 0600a423  0 00000000 0 1 00000468 00000000
000000e4 0600a623  0 00000000 0 1 0000046c 00000000
000000e8 0600a823  0 00000000 0 1 00000470 00000000
000000ec 0600aa23  0 00000000 0 1 00000474 00000000
000000f0 0600ac23  0 00000000 0 1 00000478 00000000
000000f4 0600ae23  0 00000000 0 1 0000047c 00000000
000000f8 0800a023  0 00000000 0 1 00000480 00000000
000000fc 0800a223  0 00000000 0 1 00000484 00000000
00000100 0800a423  0 00000000 0 1 00000488 00000000
00000104 0800a623  0 00000000 0 1 0000048c 00000000
00000108 0800a823  0 00000000 0 1 00000490 00000000
0000010c 0800aa23  0 00000000 0 1 00000494 00000000
00000110 0800ac23  0 00000000 0 1 00000498 00000000
00000114 0800ae23  0 00000000 0 1 0000049c 00000000
00000118 0a00a023  0 00000000 0 1 000004a0 00000000
0000011c 0a00a223  0 00000000 0 1 000004a4 00000000
00000120 0a00a423  0 00000000 0 1 000004a8 00000000
00000124 0a00a623  0 00000000 0 1 000004ac 00000000
00000128 0a00a823  0 00000000 0 1 000004b0 00000000
0000012c 0a00aa23  0 00000000 0 1 000004b4 00000000
00000130 0a00ac23  0 00000000 0 1 000004b8 00000000
00000134 0a00ae23  0 00000000 0 1 000004bc 00000000
00000138 0c00a023  0 00000000 0 1 000004c0 00000000
0000013c 0c00a223  0 00000000 0 1 000004c4 00000000
00000140 0c00a423  0 00000000 0 1 000004c8 00000000
00000144 0c00a623  0 00000000 0 1 000004cc 00000000
00000148 0c00a823  0 00000000 0 1 000004d0 00000000
0000014c 0c00aa23  0 00000000 0 1 000004d4 00000000
00000150 0c00ac23  0 00000000 0 1 000004d8 00000000
00000154 0c00ae23  0 00000000 0 1 000004dc 00000000
00000158 0e00a023  0 00000000 0 1 000004e0 00000000
0000015c 0e00a223  0 00000000 0 1 000004e4 00000000
00000160 0e00a423  0 00000000 0 1 000004e8 00000000
00000164 0e00a623  0 00000000 0 1 000004ec 00000000
00000168 0e00a823  0 00000000 0 1 000004f0 00000000
0000016c 0e00aa23  0 00000000 0 1 000004f4 00000000
00000170 0e00ac23  0 00000000 0 1 000004f8 00000000
00000174 0e00ae23  0 00000000 0 1 000004fc 00000000
00000178 002d9433  8 00000000 1 0 00000000 00000000
0000017c 00e08603 12 00000000 1 0 00000000 00000000
00000180 06109a23  0 00000000 0 1 00000474 00000400
00000184 000a6f33 30 00000000 1 0 00000000 00000000
00000188 0ec09e23  0 00000000 0 1 000004fc 00000000
0000018c 00e3cf33 30 00000000 1 0 00000000 00000000
00000190 003f42b3  5 00000000 1 0 00000000 00000000
00000194 01656833 16 00000000 1 0 00000000 00000000
00000198 0f508903 18 00000000 1 0 00000000 00000000
0000019c bfd2fe13 28 00000000 1 0 00000000 00000000
000001a0 00382c33 24 00000000 1 0 00000000 00000000
000001a4 01609003  0 00000000 0 0 00000000 00000000
000001a8 0b00de83 29 00000000 1 0 00000000 00000000
000001ac 0400a023  0 00000000 0 1 00000440 00000000
000001b0 00008783 15 00000000 1 0 00000000 00000000
000001b4 0450ae23  0 00000000 0 1 0000045c 00000000
000001b8 08f0a623  0 00000000 0 1 0000048c 00000000
000001bc 08509523  0 00000000 0 1 0000048a 00000000
000001c0 0c909b23  0 00000000 0 1 000004d6 00000000
000001c4 00d80d33 26 00000000 1 0 00000000 00000000
000001c8 01ed72b3  5 00000000 1 0 00000000 00000000
000001cc 01aa9863  0 00000000 0 0 00000000 00000000
000001d0 0da09903 18 00000000 1 0 00000000 00000000
000001d4 01d94f33 30 00000000 1 0 00000000 00000000
000001d8 02890863  0 00000000 0 0 00000000 00000000
00000208 01b8c133  2 00000000 1 0 00000000 00000000
0000020c 8de54193  3 fffff8de 1 0 00000000 00000000
00000210 00310ab3 21 fffff8de 1 0 00000000 00000000
00000214 d78aec93 25 fffffdfe 1 0 00000000 00000000
00000218 00000013  0 00000000 0 0 00000000 00000000
0000021c 00000013  0 00000000 0 0 00000000 00000000
00000220 00000013  0 00000000 0 0 00000000 00000000
00000224 00000013  0 00000000 0 0 00000000 00000000
00000228 00000013  0 00000000 0 0 00000000 00000000
0000022c 00000013  0 00000000 0 0 00000000 00000000
00000230 00000013  0 00000000 0 0 00000000 00000000
00000234 00000013  0 00000000 0 0 00000000 00000000
00000238 00000013  0 00000000 0 0 00000000 00000000
0000023c 00000013  0 00000000 0 0 00000000 00000000
00000240 00000013  0 00000000 0 0 00000000 00000000
00000244 00000013  0 00000000 0 0 00000000 00000000
00000248 7ff00f93 31 000007ff 1 0 00000000 00000000
